0 1
1 3
1 2
3 4
2 4
4 5
5 6
6 7
7 8
8 9
9 10
10 11
11 12
12 13
13 14
14 15
0 16
16 17
17 18
18 19
19 20
20 138
21 138
5 21
6 22
7 23
8 24
9 25
10 26
11 27
12 28
13 29
14 30
15 31
21 22
22 23
23 24
24 25
25 26
26 27
27 28
28 29
29 30
30 133
31 133
134 133
32 138 
32 33
33 34
33 45
34 46
45 46
45 56
56 57
57 58
46 58
37 38
37 47
38 49
50 54
38 39
39 53
53 54
47 48
40 55
54 55
40 41
41 51
42 52
48 49
49 50
50 51
51 52
41 134
42 134
35 36
36 139
35 43
43 44
43 59
44 60
59 60
60 73
89 90
88 90
73 88
72 73
72 87
87 88
47 106
48 107
106 107
106 108
107 109
108 109
135 143
105 135
105 130
57 70
58 71
70 71
61 62
62 63
63 64
64 65
65 66
66 67
67 68
68 69
69 70
70 74
71 75
74 75
74 76
75 77
76 77
76 85
77 86
61 78
62 79
63 80
64 81
89 139
65 82
66 83
69 84
78 136
79 136
79 80
80 81
81 82
82 83
83 84
84 85
85 86
136 137
91 137
92 137
92 93
94 144
94 95
95 96
96 97
97 98
98 99
99 100
100 101
101 102
102 103
103 104
104 135
142 144
91 110
92 111
112 141
94 113
95 114
96 115
97 116
98 117
99 118
100 121
101 122
102 123
103 126
104 129
110 111
111 112
112 113
113 114
114 115
115 116
116 117
117 118
118 119
119 120
120 121
121 122
122 123
123 124
124 125
125 126
126 127
127 128
128 129
129 130
129 131
131 132
130 132
109 143
93 140
140 141
141 142
145 146
145 147
146 148
147 148
149 150
149 151
150 152
151 152