0 1
1 2
2 3
3 4
4 5
1 10
2 6
3 7
4 12
5 15
12 13
13 14
14 15
10 11
8 11
8 9
6 9
6 7
0 16
16 17
18 19
16 18
19 20
17 20
18 21
19 22
20 23
21 22
22 23
21 53
53 68
53 54
68 69
54 69
54 55
55 63
63 70
69 70
55 56
63 64
56 57
57 64
64 65
57 58
65 66
59 65
60 66
66 67
62 67
61 62
17 101	  
43 44
44 45
40 45
39 40
48 49
46 48
46 47
47 49
37 38
37 50
50 51
51 52
38 52
15 62
79 80
81 82
79 81
80 82
75 76
75 78
76 77
77 78
34 35
35 36
33 36
33 34
24 25
25 32
29 32
29 31
30 31
28 30
27 28
26 27
39 41
41 42
42 43
24 26
58 71
71 72
59 72
61 73
73 74
60 74
59 60

	  
83 84
84 85
85 86
86 87
87 88
88 89
89 90
90 91
91 92
92 93
93 94	  
83 94
11 95
95 96
96 97
97 98
98 99
99 100
100 101

102 103 103 104 104 105 105 106 106 107
107 108 108 109 109 110 110 111 111 112
112 113 113 114 114 115 102 115