0 1
0 2
1 3
2 3
4 5
5 6
2 10
4 7
5 8
6 9
7 8
8 9
10 11
12 13
13 14
16 17
17 18
18 19
11 15
12 16
13 18
14 19
3 4
15 21
16 22
17 23
20 21
22 23
20 26
21 27
22 24
23 25
24 25
24 28
25 29
26 27
28 29
26 30
29 33
30 31
32 33
30 36
31 37
32 34
33 35
34 35
34 38
35 39
38 39
36 37
37 49
38 40
40 42
41 42
42 43
43 44
44 45
46 47
41 50
42 51
43 52
44 53
45 54
46 55
47 60
48 49
50 51
51 52
52 53
53 54
55 59
59 60
56 57
57 58
58 59
56 61
57 62
58 63
59 67
63 66
66 67
62 63
61 62
61 65
48 64
65 69
64 65
68 69
64 68
70 71
71 74
72 70
73 72
74 73
6 72
73 9
74 75
75 78
74 77
78 77
77 82
14 76
76 80
79 19
80 79
82 83
84 81
83 87
85 84
87 86
87 93
89 86
88 89
93 92
92 88
80 91
90 79
91 90
94 90
95 94
91 95
97 96
96 92
93 97
86 85
81 82
98 94
97 101
98 99
100 101
102 98
99 103
104 100
101 105
103 102
105 104
45 103
106 104
105 109
107 106
108 107
109 108
111 108
110 111
112 110
109 114
113 112
114 113
113 46