36294 15922
47110 15892
47116 17745
50640 15892
50640 17745
51955 17745
55408 17745
59483 17745
63673 17745
67889 17745
72055 17745
76297 17745
80510 17745
84695 17745
88908 17745
101663 17745
36294 19642
37763 19642
37763 24254
39883 24254
39883 26557
51964 26558
55408 26559
59483 26561
63673 26563
67889 26563
71800 26566
76297 26568
80507 26570
84695 26572
88908 26573
101663 26579
41982 29565
46441 29565
52527 29565
55519 29565
70383 29565
83380 28990
92458 28990
94002 28990	  
96598 28990
98673 28990
101663 28990	  
55519 36164
62606 36164
46470 37692
52527 37675
83380 37833
88689 37852
92458 37865
95272 37852
98673 37852
101663 37852
94002 31780
95300 31780
96598 31780
46470 45927
49620 45886
52527 45886
55519 45793
62606 45792
4443 45786
13468 45786
19960 45786
23165 45786
29965 45803
38419 45786
42691 45786
42691 47743
46436 47743
49620 47743
52527 47743
58370 47489	  
62602 47489
49620 50092
52527 50092
49620 53130
52527 53130
4443 54835
13468 54835
19960 54821
23165 54818
29990 54822
38419 54822
46443 54821
49620 54835
52527 54835
58370 54216	  
62584 54216
80189 31896
80189 54216
4460 57220
7519 57220
9282 57220
13485 57222
19961 57230
23164 57232
30002 57222
38431 57210
46500 57222
59604 57225
63636 57222
72052 57222
80489 57222
88566 57222
92171 57222
83380 45877	  
88689 45877
83380 54820
88689 54820
4422 66236
7519 66244
10449 66244
13448 66214
19961 66244
23164 66203
30002 66244
38431 66244
46497 66244
46497 68083
59546 68083
59546 66161
63636 66161
71982 66161
78880 66161
78880 65461
80489 65461
82175 65461
82176 66110
88566 66110
92162 66110
88569 68094
92162 68094
101287 26579
101287 28990
91735 57222
5059 54835
5059 57220
41986 26554
70383 31896
9282 59843
10449 59843
11885 59843
91735 54820
11885 57220
67889 50092
76297 50092
67889 45886
76297 45886
54007 54835
56259 54835
54007 50092
56259 50092