2500 1016
9558 1057
18240 1115
21203 1124
37084 1215
49434 1286
18240 2428
21202 2428
15505 4623
18240 4621
9524 5273
15506 5340
37094 8172
39262 8185
39275 10850
49434 10793
2419 15164
15308 15214
2402 18079
6598 18085
15303 18099
2387 20656
6594 20656
15299 20656
21181 4696
23769 4696
21181 5997
19460 5997
19460 6640
20392 10174
20087 7719
20405 8926
23769 10174
23769 8916
24717 8011
26981 10190
26141 11062
39298 12543
46017 12543
20010 12798
31358 12698
19489 13578
18828 14243
18240 14769
18240 20656
31392 20656
32997 12564
37768 12548
33012 17069
37783 17038
39298 20179
40218 21482
46017 21482
2364 24670
18022 24670
23935 24670
26104 24670
28261 25382
30575 25382
33141 28002
37821 28002
40280 25640
49432 25640
23935 28854
28261 28854
33141 28854
37821 28854
49434 28854
2326 31323
18022 31323
23935 31323
31204 26459
32077 27350
39702 26630
38849 27453
21212 21854
21212 23327
24208 23327
24208 21854
40218 22627
43801 22627
40218 23945
43801 23945
35249 26522
33854 26148
32832 25127
32459 23732
32832 22337
33854 21316
35249 20942
36644 21316
37665 22337
38039 23732
37665 25127
36644 26148
14620 6304
13951 7429
13527 8668
13364 9967
13471 11272
13843 12527
14463 13680
 15596 7729
18240 7729
18599 8402
18820 9131
18895 9890
18820 10648
18599 11377
18240 12050
15562 12050
15259 11362
15076 10634
15019 9885
15088 9137
15283 8412