-1246548 -3707024
-1241548 -3707024
-1246548 -3698424
-1241548 -3698424
-1241548 -3696924
-1227348 -3696924
-1212948 -3696924
-1241548 -3690224
-1227348 -3690224
-1212948 -3690224
-1246548 -3687324
-1244548 -3687324
-1241748 -3687324
-1227348 -3687324
-1212948 -3687324
-1244548 -3680624
-1241748 -3680624
-1236748 -3680624
-1227348 -3680624
-1212948 -3680624
-1248348 -3670424
-1244548 -3670424
-1241748 -3670424
-1236748 -3670424
-1241748 -3666224
-1236748 -3666224
-1248348 -3661824
-1244548 -3661824
-1241748 -3661824
-1236748 -3661824
-1248348 -3653624
-1244548 -3653624
-1241748 -3653624
-1236748 -3653624
-1241748 -3649424
-1236748 -3649424
-1248348 -3645024
-1244548 -3645024
-1241748 -3645024
-1236748 -3645024
-1241548 -3633924
-1241548 -3633924
-1232148 -3633924
-1222548 -3633924
-1212948 -3633924
-1203348 -3633924
-1198548 -3629924
-1188748 -3629924
-1246548 -3628124
-1244548 -3628124
-1241548 -3628124
-1232148 -3628124
-1222548 -3628124
-1212948 -3628124
-1203348 -3628124
-1198548 -3628124
-1241548 -3625224
-1227348 -3625224
-1203348 -3625224
-1198548 -3625224
-1188748 -3625224
-1241548 -3618324
-1227348 -3618324
-1203348 -3618324
-1246548 -3616824
-1241548 -3616824
-1203348 -3616824
-1198548 -3616824
-1246548 -3608424
-1241548 -3608424
-1203348 -3698624
-1198348 -3698624
-1203348 -3696924
-1203348 -3690224
-1198348 -3690224
-1188948 -3690224
-1203148 -3687324
-1198348 -3685724
-1188948 -3685724
-1208148 -3680624
-1203148 -3680624
-1200348 -3683324
-1198348 -3683324
-1195148 -3683324
-1200348 -3678674
-1197949 -3678674
-1197949 -3676524
-1195148 -3676524
-1200348 -3674424
-1197949 -3674424
-1208148 -3670224
-1203148 -3670224
-1200348 -3670224
-1195148 -3670224
-1208148 -3666024
-1203148 -3666024
-1200348 -3666024
-1195148 -3666024
-1208148 -3649424
-1203348 -3649424
-1200348 -3649424
-1195148 -3649424
-1208148 -3645024
-1203348 -3645024
-1200348 -3645024
-1195148 -3645024
-1200348 -3641024
-1197948 -3641024
-1197948 -3638724
-1195148 -3638724
-1200348 -3636774
-1197948 -3636774
-1200348 -3632124
-1198548 -3632124
-1195148 -3632124