47113 16819
43680 26555
49604 26557
54007 26559
56259 26559
62754 26563
65602 26563
71014 26565
73071 26567
79453 26569
82419 26571
87925 26573
90150 26574
100176 26578
84221 28990
91803 28990
93023 28990
96598 29978
99980 28977
52527 30368
52527 36777
95903 37852	      
52527 38524
52527 44987
55519 40320
55519 43247
83380 38547	      
83380 45059	      
83380 47654
83380 53915
52527 46815
60644 47489
5684 54835
12105 54835
14203 54833
20710 54820
29008 54821
30953 54822
37397 54822
39435 54822
43444 54821
48586 54830
52527 53983
6410 57217
9282 58314
11378 59843
11886 58327
14140 57223
20769 57231
29033 57223
31041 57221
37450 57211
39405 57211
43440 57217
47808 57222
57679 57225
64678 57222
70155 57222
73179 57222
79425 57222
81582 57222
87950 57222
90419 57222
79547 65461
91052 66110