42 40
60 106
7 298
95 309
22 455
85 517
39 620
45 747
45 892
68 947
95 1057
54 1129
92 1215
118 95
113 123
191 295
133 396
157 466
126 547
133 641
154 776
166 898
157 994
189 1046
169 1151
150 1222
253 70
218 110
206 264
271 346
286 476
251 503
271 692
218 736
200 845
250 929
239 1083
215 1131
267 1237
334 38
362 105
358 283
337 315
398 479
359 578
358 624
348 724
384 832
347 947
312 1031
330 1164
339 1228
423 67
493 124
410 227
441 399
458 475
437 591
413 689
442 758
461 866
489 966
451 1078
427 1146
469 1213
590 56
546 191
544 297
508 384
503 441
523 547
522 644
504 776
503 892
548 935
593 1043
566 1191
556 1263
683 30
639 145
625 203
633 335
649 422
636 533
673 679
653 798
640 825
648 990
664 1016
611 1186
606 1273
784 0
748 185
788 257
796 349
773 464
718 588
708 612
704 701
707 836
745 962
729 1030
763 1138
715 1293
818 99
861 195
883 267
802 327
894 404
857 578
806 613
800 709
806 872
813 982
805 1049
810 1174
874 1208
953 62
958 105
913 277
926 326
959 425
943 562
928 662
971 733
906 807
965 917
921 1022
957 1183
924 1262
1050 96
1053 119
1051 210
1057 334
1027 422
1015 533
1000 688
1014 770
1046 809
1065 947
1069 1020
1019 1148
1053 1294
1124 48
1189 146
1190 225
1198 389
1103 446
1188 566
1114 610
1100 766
1192 827
1132 942
1149 1040
1189 1145
1110 1222
